FILE_DATE active resolved deaths new act.p res.p death.p new.p beta Date roll_mean roll_geo DailyMean
2020-04-01 1703 689 0 426 0.000116884008236102 4.72889498970487e-05 0 2.92381606039808e-05 0.287916823639189 2020-04-01 NA 0.287916823639189 6.1
2020-04-02 1909 831 53 401 0.000131022649279341 5.7035003431709e-05 3.63761153054221e-06 2.7522306108442e-05 0.235830123348577 2020-04-02 NA 0.260575248312191 8.8
2020-04-03 2165 1023 67 462 0.000148592999313658 7.02127659574468e-05 4.59849004804393e-06 3.17089910775566e-05 0.240069280789839 2020-04-03 NA 0.253552348395044 7.5
2020-04-04 2317 1219 94 375 0.000159025394646534 8.36650652024708e-05 6.45161290322581e-06 2.57378174330817e-05 0.176585591492672 2020-04-04 0.199300206987885 0.23162719296719 9
2020-04-05 2470 1449 119 408 0.000169526424159231 9.94509265614276e-05 8.16746739876458e-06 2.80027453671929e-05 0.180575318447787 2020-04-05 0.186811617526209 0.220375501270038 7.4
2020-04-06 2591 1624 132 309 0.000177831159917639 0.000111461908030199 9.05971173644475e-06 2.12079615648593e-05 0.127015737295976 2020-04-06 0.176080983855134 0.201038398782355 7.2
2020-04-07 2771 1802 153 379 0.000190185312285518 0.000123678792038435 1.05010295126973e-05 2.60123541523679e-05 0.147108573901157 2020-04-07 0.163156511592306 0.192265661449399 9.5
2020-04-08 3028 2074 174 550 0.000207824296499657 0.000142347288949897 1.19423472889499e-05 3.77487989018531e-05 0.200496697407457 2020-04-08 0.155580942917111 0.182578789617575 10.4
2020-04-09 3254 2305 200 483 0.000223335621139327 0.000158201784488675 1.37268359643102e-05 3.31503088538092e-05 0.16071568765105 2020-04-09 0.146395288983209 0.172845768218083 6.1
2020-04-10 3441 2574 222 478 0.000236170212765957 0.000176664378860673 1.52367879203844e-05 3.28071379547014e-05 0.149597974950045 2020-04-10 0.144926873483047 0.161552744462301 4.5
2020-04-11 3537 2858 253 411 0.000242759094028826 0.000196156485929993 1.73644474948524e-05 2.82086479066575e-05 0.123556610766304 2020-04-11 0.142053678444642 0.153517796840219 4.8
2020-04-12 3654 3121 274 401 0.000250789293067948 0.000214207275223061 1.8805765271105e-05 2.7522306108442e-05 0.116275740910474 2020-04-12 0.131475924814597 0.144161347430759 9
2020-04-13 3822 3357 291 421 0.000262319835277968 0.000230404941660947 1.99725463280714e-05 2.8894989704873e-05 0.116736828794843 2020-04-13 0.126512371902352 0.142433835645222 9.1
2020-04-14 4051 3568 334 483 0.000278037062457104 0.000244886753603294 2.29238160603981e-05 3.31503088538092e-05 0.126996208632323 2020-04-14 0.124318935145733 0.139473640500668 4
2020-04-15 4160 3902 385 494 0.000285518188057653 0.000267810569663693 2.64241592312972e-05 3.39052848318463e-05 0.126452421997143 2020-04-15 0.122513592453921 0.13058550828921 2
2020-04-16 4344 4194 423 514 0.000298146877144818 0.000287851750171585 2.90322580645161e-05 3.52779684282773e-05 0.125970817265334 2020-04-16 0.123837008602198 0.126119536537414 1.6
2020-04-17 4491 4556 478 564 0.000308236101578586 0.000312697323266987 3.28071379547014e-05 3.87096774193548e-05 0.134243917653709 2020-04-17 0.125294958679788 0.124183426261049 2.5
2020-04-18 4621 4875 514 485 0.000317158544955388 0.000334591626630062 3.52779684282773e-05 3.32875772134523e-05 0.110919211923618 2020-04-18 0.122818637253069 0.122283951722637 5
2020-04-19 4816 5209 553 568 0.00033054221002059 0.00035751544269046 3.79547014413178e-05 3.8984214138641e-05 0.125539653948416 2020-04-19 0.119029146687524 0.123630446580666 6.8
2020-04-20 5085 5515 584 606 0.000349004804392588 0.000378517501715854 4.00823610157859e-05 4.159231297186e-05 0.12694247933797 2020-04-20 0.118584407954003 0.125119588475516 2.9
2020-04-21 5307 5806 622 551 0.000364241592312972 0.000398490048043926 4.26904598490048e-05 3.78174330816747e-05 0.109661958645289 2020-04-21 0.11652686847947 0.122523767349888 3.4
2020-04-22 5365 6221 659 510 0.000368222374742622 0.00042697323266987 4.52299245024022e-05 3.50034317089911e-05 0.0999259880383269 2020-04-22 0.113201261045235 0.118471362925528 2.4
2020-04-23 5486 6680 713 634 0.00037652711050103 0.000458476321207962 4.8936170212766e-05 4.35140700068634e-05 0.122857646130693 2020-04-23 0.106885128546329 0.118048601939006 2.8
2020-04-24 5669 7087 763 640 0.000389087165408373 0.000486410432395333 5.23678792038435e-05 4.39258750857927e-05 0.119841141331974 2020-04-24 0.100349544784681 0.116150105303253 8.3
2020-04-25 5675 7509 811 476 0.000389498970487303 0.000515374056280027 5.5662319835278e-05 3.26698695950583e-05 0.0876399598839712 2020-04-25 0.0991148724274628 0.11230644090699 7.8
2020-04-26 5597 8000 835 437 0.000384145504461222 0.000549073438572409 5.73095401509952e-05 2.99931365820178e-05 0.0813267264560783 2020-04-26 0.0948690136312652 0.105552685629899 9.2
2020-04-27 5439 8525 892 424 0.000373301304049417 0.000585106382978723 6.12216884008236e-05 2.91008922443377e-05 0.0811933930064332 2020-04-27 0.0913736966361864 0.0990245039420085 9.4
2020-04-28 5466 8964 951 525 0.000375154426904598 0.000615236787920384 6.52711050102951e-05 3.60329444063143e-05 0.101019252144763 2020-04-28 0.0877788550518994 0.0978699923036857 9.1
2020-04-29 5120 9612 996 347 0.000351407000686342 0.000659711736444749 6.83596431022649e-05 2.38160603980782e-05 0.0702049764649434 2020-04-29 0.0922711880101699 0.093056785532691 10.6
2020-04-30 4900 10205 1082 459 0.000336307481125601 0.000700411805078929 7.42621825669183e-05 3.1503088538092e-05 0.0983904271651411 2020-04-30 0.0957386374094855 0.0901507966443831 10.9
2020-05-01 4662 10825 1121 421 0.000319972546328071 0.000742964996568291 7.69389155799588e-05 2.8894989704873e-05 0.094677250241966 2020-05-01 0.0975928927761662 0.0871659100583004 12.3
2020-05-02 4553 11390 1176 511 0.000312491420727522 0.000781743308167467 8.07137954701441e-05 3.50720658888126e-05 0.119086290591864 2020-05-02 0.0970798576248263 0.0910687694804167 11.1
2020-05-03 4332 12005 1216 434 0.00029732326698696 0.000823953328757721 8.34591626630062e-05 2.97872340425532e-05 0.105598872251287 2020-05-03 0.102297758949337 0.0945307668751658 15.4
2020-05-04 4118 12505 1300 370 0.000282635552505148 0.000858270418668497 8.92244337680165e-05 2.53946465339739e-05 0.0941731805731983 2020-05-04 0.102967117927901 0.0965548551120927 7.3
2020-05-05 4170 12779 1361 387 0.000286204529855868 0.000877076183939602 9.34111187371311e-05 2.65614275909403e-05 0.097428006085384 2020-05-05 0.107264353723656 0.0960568530392859 5.4
2020-05-06 4071 13222 1429 412 0.000279409746053535 0.000907481125600549 9.80782429649966e-05 2.82772820864791e-05 0.106730285736521 2020-05-06 0.103310106706274 0.101980442852489 8.6
2020-05-07 4075 13569 1477 399 0.000279684282772821 0.000931297185998627 0.000101372683596431 2.73850377487989e-05 0.103075940015084 2020-05-07 0.0996312892765967 0.102660469172642 8.5
2020-05-08 4068 13990 1540 477 0.00027920384351407 0.0009601921757035 0.000105696636925189 3.27385037748799e-05 0.124757900812252 2020-05-08 0.0984382296217307 0.106787577281298 2.1
2020-05-09 3962 14383 1599 346 0.000271928620452986 0.00098716540837337 0.00010974605353466 2.37474262182567e-05 0.0914065614701916 2020-05-09 0.0988195144297642 0.102827357942598 2.2
2020-05-10 3832 14772 1634 294 0.000263006177076184 0.00101386410432395 0.000112148249828415 2.0178448867536e-05 0.0798471502435467 2020-05-10 0.0971640477126136 0.0988020237034381 5.8
2020-05-11 3746 15131 1669 308 0.000257103637611531 0.00103850377487989 0.000114550446122169 2.11393273850377e-05 0.0858217629891359 2020-05-11 0.0973033896697922 0.0974999603599643 4.6
2020-05-12 3791 15391 1725 361 0.0002601921757035 0.00105634866163349 0.000118393960192176 2.477693891558e-05 0.100096999741619 2020-05-12 0.0943249330529839 0.0978771214920026 4.2
2020-05-13 3626 15845 1765 329 0.000248867536032944 0.00108750857927248 0.000121139327385038 2.25806451612903e-05 0.0951420187164664 2020-05-13 0.098534683644454 0.0962831809765919 6.2
2020-05-14 3492 16204 1798 345 0.000239670555936857 0.00111214824982841 0.000123404255319149 2.36787920384351e-05 0.104051333715334 2020-05-14 0.102127344092572 0.0964128154338486 8.9
2020-05-15 3456 16641 1825 341 0.000237199725463281 0.00114214138641043 0.000125257378174331 2.34042553191489e-05 0.103908704494594 2020-05-15 0.103189408689369 0.0939268167547083 13.7
2020-05-16 3435 17020 1858 391 0.000235758407687028 0.0011681537405628 0.000127522306108442 2.68359643102265e-05 0.120874815610482 2020-05-16 0.107109187679989 0.0977521967331435 13.2
2020-05-17 3412 17360 1881 340 0.000234179821551132 0.00119148936170213 0.000129100892244338 2.33356211393274e-05 0.104995773380374 2020-05-17 0.109796794374699 0.101651551354332 12.5
2020-05-18 3415 17638 1904 304 0.000234385724090597 0.00121056966369252 0.000130679478380233 2.08647906657515e-05 0.0932562151667162 2020-05-18 0.111918187315933 0.102865169785545 13.5
2020-05-19 3567 17898 1919 427 0.000244818119423473 0.00122841455044612 0.000131708991077557 2.93067947838023e-05 0.127535452675955 2020-05-19 0.114506279401543 0.106487425728764 15
2020-05-20 3622 18190 1962 390 0.000248592999313658 0.00124845573095402 0.000134660260809883 2.67673301304049e-05 0.113955265579436 2020-05-20 0.113429821401944 0.109267977575874 14.9
2020-05-21 3685 18509 1993 413 0.000252916952642416 0.00127035003431709 0.000136787920384351 2.83459162663006e-05 0.118901084303976 2020-05-21 0.116123230779973 0.111370401519152 15.4
2020-05-22 3840 18767 2021 441 0.000263555250514756 0.00128805765271105 0.000138709677419355 3.02676733013041e-05 0.122025349093859 2020-05-22 0.117609499941926 0.11395698400189 17.1
2020-05-23 3846 19146 2048 412 0.000263967055593686 0.00131407000686342 0.000140562800274537 2.82772820864791e-05 0.113339609613293 2020-05-23 0.109734262264226 0.11291392444516 19.2
2020-05-24 3950 19477 2073 460 0.000271105010295127 0.00133678792038435 0.000142278654770076 3.15717227179135e-05 0.123849639026577 2020-05-24 0.104412030743549 0.115609529745926 20.3
2020-05-25 4104 19698 2102 404 0.000281674673987646 0.00135195607412491 0.0001442690459849 2.77282086479067e-05 0.103660099300387 2020-05-25 0.10179369757089 0.11736959637631 24.1
2020-05-26 4110 19958 2123 287 0.000282086479066575 0.00136980096087852 0.000145710363761153 1.96980096087852e-05 0.0724087889320554 2020-05-26 0.0972216782850854 0.108251933458571 24.7
2020-05-27 3956 20372 2155 292 0.000271516815374056 0.00139821551132464 0.000147906657515443 2.00411805078929e-05 0.0766996449346968 2020-05-27 0.0932758654107292 0.102299298496327 24.1
2020-05-28 4004 20673 2189 383 0.000274811256005491 0.00141887439945093 0.000150240219629375 2.62868908716541e-05 0.100572752095365 2020-05-28 0.0884603050685445 0.0998817535567191 20.8
2020-05-29 3997 20983 2230 344 0.00027433081674674 0.00144015099519561 0.000153054221002059 2.36101578586136e-05 0.0900212140932246 2020-05-29 0.089563067785982 0.0956343670684101 18.6
2020-05-30 3933 21353 2247 323 0.000269938229238161 0.00146554564172958 0.000154221002059025 2.2168840082361e-05 0.0857189194927991 2020-05-30 0.096422933818358 0.0918934800432651 14.4
2020-05-31 3783 21810 2266 326 0.000259643102264928 0.00149691146190803 0.000155525051475635 2.23747426218257e-05 0.0901407166312837 2020-05-31 0.0983372134671519 0.0878161038217866 12.2
2020-06-01 3834 22153 2276 404 0.000263143445435827 0.00152045298558682 0.00015621139327385 2.77282086479067e-05 0.111379438322449 2020-06-01 0.097879897873836 0.0887218042510935 16.8
2020-06-02 3932 22484 2293 446 0.000269869595058339 0.00154317089910776 0.000157378174330817 3.06108442004118e-05 0.120427851158687 2020-06-02 0.0986090459672434 0.0954097155924329 18.6
2020-06-03 3924 22811 2312 338 0.000269320521619767 0.0015656142759094 0.000158682223747426 2.31983527796843e-05 0.0900996024762542 2020-06-03 0.104345562823465 0.0976298299544518 21
2020-06-04 3838 23208 2357 356 0.000263417982155113 0.00159286204529856 0.000161770761839396 2.44337680164722e-05 0.0973715429421543 2020-06-04 0.107377186296531 0.0971797182013403 22.4
2020-06-05 3792 23583 2372 344 0.000260260809883322 0.00161859986273164 0.000162800274536719 2.36101578586136e-05 0.0951252507470767 2020-06-05 0.10061526734475 0.0979483669242398 21.6
2020-06-06 3848 23947 2407 455 0.000264104323953329 0.00164358270418669 0.000165202470830474 3.12285518188058e-05 0.125874537486348 2020-06-06 0.0923403192764786 0.103474780480955 20.2
2020-06-07 3939 24252 2426 415 0.00027035003431709 0.00166451612903226 0.000166506520247083 2.84831846259437e-05 0.111362080942745 2020-06-07 0.0901467508016682 0.106647611285003 17.2
2020-06-08 3918 24492 2450 243 0.000268908716540837 0.00168098833218943 0.0001681537405628 1.66781056966369e-05 0.0640460056599848 2020-06-08 0.0856868197761045 0.0985418491519475 17.5
2020-06-09 3797 24829 2464 230 0.00026060398078243 0.00170411805078929 0.000169114619080302 1.57858613589568e-05 0.0625032146807875 2020-06-09 0.0809157569616116 0.0897287218712782 23.3
2020-06-10 3486 25380 2475 251 0.000239258750857927 0.00174193548387097 0.000169869595058339 1.72271791352093e-05 0.0747446231525815 2020-06-10 0.0764505311672802 0.0873654334790184 23.7
2020-06-11 3172 25885 2487 203 0.00021770761839396 0.00177659574468085 0.000170693205216198 1.39327385037749e-05 0.0661520257632086 2020-06-11 0.0713295093443615 0.0826714408720021 20.6
2020-06-12 3041 26187 2498 182 0.000208716540837337 0.00179732326698696 0.000171448181194235 1.24914207275223e-05 0.0617278110456261 2020-06-12 0.0723682855273284 0.0777185700774344 15
2020-06-13 2947 26538 2507 266 0.000202264927934111 0.00182141386410432 0.000172065888812629 1.82566918325326e-05 0.0946179569260284 2020-06-13 0.0739898002509797 0.0746131907884153 13.9
2020-06-14 2709 26961 2519 197 0.000185929993136582 0.00185044612216884 0.000172889498970487 1.35209334248456e-05 0.0755149281823133 2020-06-14 0.0750453883974779 0.0705854140243905 14.2
2020-06-15 2630 27213 2527 181 0.000180507892930679 0.00186774193548387 0.00017343857240906 1.24227865477008e-05 0.0713174389407532 2020-06-15 0.0764727732037671 0.0716781721756116 16.4
2020-06-16 2585 27431 2538 184 0.00017741935483871 0.00188270418668497 0.000174193548387097 1.26286890871654e-05 0.0738538177463467 2020-06-16 0.0792634184501589 0.0734074037475355 18.2
2020-06-17 2410 27784 2550 190 0.000165408373369938 0.00190693205216198 0.000175017158544955 1.30404941660947e-05 0.0821337401780693 2020-06-17 0.079543380025796 0.0744026956475437 20.9
2020-06-18 2360 28004 2553 173 0.000161976664378861 0.00192203157172272 0.00017522306108442 1.18737131091283e-05 0.0761437194072329 2020-06-18 0.0808800125515281 0.0759129638044005 23
2020-06-19 2281 28250 2564 178 0.000156554564172958 0.00193891557995882 0.000175978037062457 1.22168840082361e-05 0.0812623277703683 2020-06-19 0.0821168290037081 0.0789540273654116 23.9
2020-06-20 2238 28468 2595 206 0.000153603294440631 0.00195387783115992 0.000178105696636925 1.41386410432395e-05 0.0965776879554883 2020-06-20 0.0868666279217904 0.0791855940231895 25.4
2020-06-21 2151 28719 2606 175 0.000147632120796156 0.00197110501029513 0.000178860672614962 1.20109814687714e-05 0.084871355862438 2020-06-21 0.0869769318701483 0.0805180192741625 25.1
2020-06-22 2095 28933 2609 161 0.00014378860672615 0.00198579272477694 0.000179066575154427 1.10501029512697e-05 0.0799751541060128 2020-06-22 0.0900190763074036 0.0818467729769684 25.9
2020-06-23 2127 29107 2619 216 0.000145984900480439 0.00199773507206589 0.000179752916952642 1.4824982841455e-05 0.107102410172923 2020-06-23 0.086927753818694 0.0863102669793 21.8
2020-06-24 2049 29336 2631 163 0.000140631434454358 0.00201345229924502 0.000180576527110501 1.11873713109128e-05 0.0829058678165742 2020-06-24 0.0857551819589614 0.0864257156119783 20.2
2020-06-25 2036 29528 2641 189 0.000139739190116678 0.00202663006177076 0.000181262868908717 1.29718599862732e-05 0.0974387304680202 2020-06-25 0.0877711473639171 0.0895246499061081 19.7
2020-06-26 1918 29754 2644 111 0.000131640356897735 0.00204214138641043 0.000181468771448181 7.61839396019218e-06 0.0596230703494008 2020-06-26 0.0954846702690137 0.0856508994914204 23.6
2020-06-27 1892 29932 2652 160 0.000129855868222375 0.00205435827041867 0.000182017844886754 1.09814687714482e-05 0.0883696849373601 2020-06-27 0.0915568667174492 0.0845709927284697 24.2
2020-06-28 1889 30107 2658 178 0.00012964996568291 0.00206636925188744 0.000182429649965683 1.22168840082361e-05 0.0989831136971286 2020-06-28 0.0906893374392594 0.0864498574591744 24
2020-06-29 2050 30196 2665 257 0.00014070006863418 0.00207247769389156 0.000182910089224434 1.76389842141386e-05 0.133969814441689 2020-06-29 0.0883820730259349 0.0930618521074055 24.9
2020-06-30 2052 30344 2672 157 0.000140837336993823 0.00208263555250515 0.000183390528483185 1.07755662319835e-05 0.0796077853119716 2020-06-30 0.0925371633578072 0.0892001220107103 23.8
2020-07-01 2015 30526 2676 149 0.000138297872340426 0.00209512697323267 0.000183665065202471 1.02264927934111e-05 0.0768331628692454 2020-07-01 0.0893866926102658 0.0882360260240247 24
2020-07-02 1960 30730 2680 153 0.00013452299245024 0.00210912834591627 0.000183939601921757 1.05010295126973e-05 0.0812878795747486 2020-07-02 0.0863913759976138 0.0859809523663523 29.4
2020-07-03 1944 30909 2682 165 0.000133424845573095 0.00212141386410432 0.0001840768702814 1.13246396705559e-05 0.0887087026725075 2020-07-03 0.0797909965768185 0.0910023319717047 27.8
2020-07-04 1886 31083 2687 121 0.000129444063143445 0.00213335621139327 0.000184420041180508 8.30473575840769e-06 0.0663163897045699 2020-07-04 0.0777797034651372 0.0873455422848652 26.1
2020-07-05 1839 31266 2689 138 0.000126218256691833 0.00214591626630062 0.000184557309540151 9.47151681537406e-06 0.0780158974085645 2020-07-05 0.0772537675564389 0.084425270225823 26.3
2020-07-06 1833 31426 2689 154 0.000125806451612903 0.00215689773507207 0.000184557309540151 1.05696636925189e-05 0.0877671584961219 2020-07-06 0.0809994195238303 0.0794754847328889 26.6
2020-07-07 1766 31603 2691 112 0.000121207961564859 0.00216904598490048 0.000184694577899794 7.68702814001373e-06 0.0655287335302024 2020-07-07 0.0790867443688709 0.0772962387332382 28
2020-07-08 1673 31805 2700 118 0.000114824982841455 0.00218291008922443 0.000185312285518188 8.09883321894303e-06 0.0731516115083575 2020-07-08 0.0829752429711273 0.076755933788967 27.3
2020-07-09 1668 31977 2703 170 0.000114481811942347 0.00219471516815374 0.000185518188057653 1.16678105696637e-05 0.107507443346488 2020-07-09 0.0849524757099703 0.079883417566389 29
2020-07-10 1599 32155 2710 116 0.00010974605353466 0.00220693205216198 0.000185998627316404 7.96156485929993e-06 0.0753199765877918 2020-07-10 0.0842930375217914 0.078037935583051 27.1
2020-07-11 1456 32422 2716 130 9.99313658201784e-05 0.00222525737817433 0.000186410432395333 8.92244337680165e-06 0.0935358799203645 2020-07-11 0.0863759004754902 0.0819676601559833 25.4
2020-07-12 1470 32534 2719 129 0.00010089224433768 0.00223294440631434 0.000186616334934798 8.8538091969801e-06 0.0918565265804657 2020-07-12 0.0867335543223282 0.0839025100958388 23.5
2020-07-13 1454 32663 2722 116 9.97940974605353e-05 0.00224179821551132 0.000186822237474262 7.96156485929993e-06 0.0831510911788692 2020-07-13 0.0834931053322826 0.0832574186196304 22.7
2020-07-14 1442 32785 2723 111 9.89704873026767e-05 0.00225017158544955 0.000186890871654084 7.61839396019218e-06 0.0801087742060941 2020-07-14 0.0848416089739709 0.085681485233053 22.9
2020-07-15 1400 32920 2732 102 9.60878517501716e-05 0.00225943719972546 0.000187508579272478 7.00068634179822e-06 0.0756551884362238 2020-07-15 0.0895388747707857 0.0860943828922604 24.2
2020-07-16 1365 33061 2737 111 9.36856554564173e-05 0.0022691146190803 0.000187851750171585 7.61839396019218e-06 0.0848243004161689 2020-07-16 0.0936154415596311 0.0832285274253714 23.9
2020-07-17 1366 33162 2746 111 9.37542896362388e-05 0.00227604667124228 0.000188469457789979 7.61839396019218e-06 0.0847595020796102 2020-07-17 0.0954605647320543 0.084644290831442 25.9
2020-07-18 1398 33294 2748 166 9.59505833905285e-05 0.00228510638297872 0.000188606726149623 1.13932738503775e-05 0.126416740498068 2020-07-18 0.103610945788095 0.0883663973934043 26.7
2020-07-19 1446 33407 2751 164 9.92450240219629e-05 0.00229286204529856 0.000188812628689087 1.12560054907344e-05 0.120392494102384 2020-07-19 0.108994690617849 0.0918483478124371 25.6
2020-07-20 1474 33513 2752 135 0.000101166781056966 0.00230013726835964 0.000188881262868909 9.2656142759094e-06 0.0960669533858317 2020-07-20 0.107097083636146 0.0937625387254428 25
2020-07-21 1584 33605 2753 203 0.000108716540837337 0.00230645161290323 0.00018894989704873 1.39327385037749e-05 0.137161441598377 2020-07-21 0.114238290276517 0.101249741428549 21.8
2020-07-22 1540 33812 2755 165 0.000105696636925189 0.00232065888812629 0.000189087165408373 1.13246396705559e-05 0.113341402244504 2020-07-22 0.109555625492499 0.107268565980173 23.5
2020-07-23 1492 33963 2755 103 0.000102402196293754 0.00233102264927934 0.000189087165408373 7.06932052161977e-06 0.07154105154425 2020-07-23 0.105507045656839 0.104690205166067 23.9
2020-07-24 1547 34100 2758 195 0.00010617707618394 0.00234042553191489 0.000189293067947838 1.33836650652025e-05 0.134747948562203 2020-07-24 0.103015067810531 0.111858249173415 23.6
2020-07-25 1544 34240 2759 138 0.000105971173644475 0.00235003431708991 0.00018936170212766 9.47151681537406e-06 0.0936380870099425 2020-07-25 0.0938621582588875 0.107163353367019 24.4
2020-07-26 1558 34359 2763 137 0.000106932052161977 0.00235820178448868 0.000189636238846946 9.40288263555251e-06 0.0920524352527688 2020-07-26 0.0852232441795976 0.103132198697718 27.5
2020-07-27 1574 34461 2764 119 0.000108030199039121 0.00236520247083047 0.000189704873026767 8.16746739876458e-06 0.0786231084616736 2020-07-27 0.0844080037993684 0.100221824381627 28
2020-07-28 1575 34567 2768 111 0.000108098833218943 0.00237247769389156 0.000189979409746054 7.61839396019218e-06 0.0730910747368709 2020-07-28 0.0799780242921633 0.091603016764485 25.6
2020-07-29 1476 34741 2769 76 0.000101304049416609 0.00238442004118051 0.000190048043925875 5.21619766643789e-06 0.0528690036894744 2020-07-29 0.0807064558013892 0.0821480545726115 24.6
2020-07-30 1397 34906 2772 89 9.58819492107069e-05 0.00239574468085106 0.00019025394646534 6.10844200411805e-06 0.0658343688826457 2020-07-30 0.0807816496938299 0.0811782645375793 23.3
2020-07-31 1360 35074 2775 134 9.33424845573095e-05 0.00240727522306108 0.000190459849004804 9.19698009608785e-06 0.103738092011767 2020-07-31 0.0797757430856773 0.0782012131239678 24.2
2020-08-01 1319 35237 2777 124 9.05284831846259e-05 0.002418462594372 0.000190597117364447 8.51063829787234e-06 0.0987371075745236 2020-08-01 0.0801781779023359 0.0787958211381403 24.8
2020-08-02 1312 35359 2778 116 9.00480439258751e-05 0.00242683596431023 0.000190665751544269 7.96156485929993e-06 0.0925787924998534 2020-08-02 0.083389531805524 0.0788600290657371 23.1
2020-08-03 1274 35485 2778 88 8.74399450926561e-05 0.00243548387096774 0.000190665751544269 6.0398078242965e-06 0.071581762204606 2020-08-03 0.0866479386543307 0.077810071612566 21.9
2020-08-04 1245 35601 2782 91 8.54495538778312e-05 0.00244344543582704 0.000190940288263555 6.24571036376115e-06 0.0759081184534806 2020-08-04 0.0838548229227658 0.0782315767357432 20.8
2020-08-05 1185 35747 2782 86 8.13315030885381e-05 0.00245346602608099 0.000190940288263555 5.9025394646534e-06 0.075348481011791 2020-08-05 0.0795869855518742 0.0822932083059491 20
2020-08-06 1120 35906 2783 95 7.68702814001373e-05 0.00246437886067261 0.000191008922443377 6.52024708304736e-06 0.0886432168242932 2020-08-06 0.0783562798744257 0.0858657787298847 19
2020-08-07 1090 36024 2783 88 7.48112560054907e-05 0.00247247769389156 0.000191008922443377 6.0398078242965e-06 0.084186281890813 2020-08-07 0.0856962080235821 0.083341902302203 21
2020-08-08 1052 36131 2784 70 7.22031571722718e-05 0.00247982155113246 0.000191077556623198 4.80439258750858e-06 0.0688622459782822 2020-08-08 0.0798923718426919 0.079160108002754 22.5
2020-08-09 981 36279 2786 79 6.73301304049417e-05 0.00248997940974605 0.000191214824982841 5.42210020590254e-06 0.0839638527577137 2020-08-09 0.084843759389352 0.0780632267610935 24.7
2020-08-10 994 36381 2786 115 6.82223747426218e-05 0.00249698009608785 0.000191214824982841 7.89293067947838e-06 0.122961259248701 2020-08-10 0.0852689000320587 0.0843360115736963 NA
2020-08-11 952 36456 2786 33 6.53397391901167e-05 0.00250212765957447 0.000191214824982841 2.26492793411119e-06 0.0352812651872492 2020-08-11 0.0886660626204369 0.075592409814435 24.2
2020-08-12 912 36590 2787 95 6.25943719972546e-05 0.00251132463967056 0.000191283459162663 6.52024708304736e-06 0.110008193838412 2020-08-12 0.0966680475510838 0.079791538314784 23.1
2020-08-13 891 36689 2787 78 6.11530542210021e-05 0.00251811942347289 0.000191283459162663 5.35346602608099e-06 0.0916192013232402 2020-08-13 0.098084537634386 0.0801688310873018 25.1
2020-08-14 899 36772 2788 92 6.17021276595745e-05 0.00252381606039808 0.000191352093342485 6.3143445435827e-06 0.10796642000946 2020-08-14 0.0976727933608414 0.0830693649154418 24.9
2020-08-15 903 36873 2789 106 6.19766643788607e-05 0.00253074811256005 0.000191420727522306 7.27522306108442e-06 0.124876140492811 2020-08-15 0.112765354683714 0.0904418040208664 23.4
2020-08-16 904 36953 2789 81 6.20452985586822e-05 0.00253623884694578 0.000191420727522306 5.55936856554564e-06 0.0938792833408287 2020-08-16 0.113010078489035 0.091895566723623 22.1
2020-08-17 875 37081 2789 99 6.00549073438572e-05 0.00254502402196294 0.000191420727522306 6.79478380233356e-06 0.120079049333888 2020-08-17 0.111653796908839 0.0915847111963229 21.9
2020-08-18 951 37126 2793 125 6.52711050102951e-05 0.00254811256005491 0.000191695264241592 8.57927247769389e-06 0.140929194447357 2020-08-18 0.116596491731153 0.111620864799418 20.2
2020-08-19 965 37215 2792 102 6.62319835277968e-05 0.00255422100205903 0.000191626630061771 7.00068634179822e-06 0.111721260475656 2020-08-19 0.115033528844716 0.111867534768427 18.8
2020-08-20 964 37291 2793 76 6.61633493479753e-05 0.00255943719972546 0.000191695264241592 5.21619766643789e-06 0.0821252302618704 2020-08-20 0.118892320380165 0.110132865439055 19.9
2020-08-21 986 37397 2796 131 6.76733013040494e-05 0.00256671242278655 0.000191901166781057 8.9910775566232e-06 0.142565283765656 2020-08-21 0.117005483024978 0.114594395793135 23.9
2020-08-22 1003 37487 2797 108 6.88400823610158e-05 0.00257288949897049 0.000191969800960879 7.41249142072752e-06 0.113935400287758 2020-08-22 0.111043722611792 0.113103148700548 25.3
2020-08-23 1010 37595 2797 115 6.93205216197666e-05 0.00258030199039121 0.000191969800960879 7.89293067947838e-06 0.120890824088966 2020-08-23 0.107842889637903 0.117263749683665 25.5
2020-08-24 1036 37673 2798 105 7.1105010295127e-05 0.0025856554564173 0.0001920384351407 7.20658888126287e-06 0.106871187847582 2020-08-24 0.112804716969709 0.115327867685535 27.4
2020-08-25 1059 37748 2800 100 7.26835964310226e-05 0.00259080301990391 0.000192175703500343 6.86341798215511e-06 0.0991968715550565 2020-08-25 0.109184819519552 0.10968522245699 22.9
2020-08-26 1030 37863 2802 88 7.06932052161977e-05 0.00259869595058339 0.000192312971859986 6.0398078242965e-06 0.0893154296584288 2020-08-26 0.112627332759372 0.106233397852973 18.3
2020-08-27 1070 37940 2803 118 7.34385724090597e-05 0.00260398078242965 0.000192381606039808 8.09883321894303e-06 0.116858021584512 2020-08-27 0.109592418215023 0.111723415806811 24.9
2020-08-28 1103 38023 2809 122 7.57035003431709e-05 0.00260967741935484 0.000192793411118737 8.37336993822924e-06 0.117226001614561 2020-08-28 0.108328705183001 0.108643263026665 20.6
2020-08-29 1148 38126 2809 148 7.87920384351407e-05 0.00261674673987646 0.000192793411118737 1.01578586135896e-05 0.138032992966497 2020-08-29 0.107682538036742 0.111662220832862 22
2020-08-30 1181 38204 2810 112 8.10569663692519e-05 0.00262210020590254 0.000192862045298559 7.68702814001373e-06 0.09964642227852 2020-08-30 0.111188459203229 0.108621558232474 19.4
2020-08-31 1221 38277 2811 114 8.38023335621139e-05 0.00262711050102951 0.00019293067947838 7.82429649965683e-06 0.0980251966234345 2020-08-31 0.110452580577645 0.107289102503248 19.8
2020-09-01 1240 38369 2812 112 8.51063829787234e-05 0.0026334248455731 0.000192999313658202 7.68702814001373e-06 0.0946737015312402 2020-09-01 0.111231961874807 0.106576166657499 24.1
2020-09-02 1236 38506 2812 133 8.48318462594372e-05 0.00264282772820865 0.000192999313658202 9.1283459162663e-06 0.113856877823836 2020-09-02 0.110697029879748 0.110337190392482 23.4
2020-09-03 1249 38625 2812 132 8.57240905971174e-05 0.00265099519560741 0.000192999313658202 9.05971173644475e-06 0.111706871205425 2020-09-03 0.113701420038809 0.109628878715935 21.5
2020-09-04 1282 38741 2811 148 8.79890185312286e-05 0.00265895676046671 0.00019293067947838 1.01578586135896e-05 0.122681670694692 2020-09-04 0.119602416993603 0.110343617878073 19.2
2020-09-05 1345 38847 2811 169 9.23129718599863e-05 0.0026662319835278 0.00019293067947838 1.15991763898421e-05 0.13428846900109 2020-09-05 0.124528813745049 0.109910936288808 17.4
2020-09-06 1390 38958 2813 158 9.54015099519561e-05 0.00267385037748799 0.000193067947838023 1.08442004118051e-05 0.120677153391943 2020-09-06 0.122802239702077 0.112959142164139 16.8
2020-09-07 1461 39077 2813 190 0.000100274536719286 0.00268201784488675 0.000193067947838023 1.30404941660947e-05 0.13933217530699 2020-09-07 0.123251116723594 0.118778442930122 20.4
2020-09-08 1527 39196 2813 185 0.000104804392587509 0.00269018531228552 0.000193067947838023 1.2697323266987e-05 0.129158478791368 2020-09-08 0.125383524410617 0.124167557138101 16.1
2020-09-09 1540 39332 2813 149 0.000105696636925189 0.00269951956074125 0.000193067947838023 1.02264927934111e-05 0.101770859523031 2020-09-09 0.1262852193109 0.122192872923211 16.8
2020-09-10 1567 39474 2814 170 0.000107549759780371 0.00270926561427591 0.000193136582017845 1.16678105696637e-05 0.114849010356045 2020-09-10 0.12575812078358 0.122678068198401 17.4
2020-09-11 1657 39598 2813 213 0.00011372683596431 0.00271777625257378 0.000193067947838023 1.46190803019904e-05 0.137608524503851 2020-09-11 0.129818171669029 0.124706931656491 14.2
2020-09-12 1769 39717 2814 232 0.000121413864104324 0.00272594371997255 0.000193136582017845 1.59231297185999e-05 0.14060033330307 2020-09-12 0.129042834509399 0.125527897531964 16.5
2020-09-13 1848 39841 2815 204 0.000126835964310227 0.00273445435827042 0.000193205216197666 1.40013726835964e-05 0.116987463700706 2020-09-13 0.1353926554045 0.124972288230444 21
2020-09-14 2027 39974 2816 313 0.000139121482498284 0.00274358270418669 0.000193273850377488 2.14824982841455e-05 0.167752531505131 2020-09-14 0.137368613491006 0.128330690513162 13.7
2020-09-15 2157 40091 2820 251 0.000148043925875086 0.00275161290322581 0.000193548387096774 1.72271791352093e-05 0.123731118673961 2020-09-15 0.141134829849075 0.127546076936346 14
2020-09-16 2316 40245 2822 315 0.000158956760466712 0.00276218256691833 0.000193685655456417 2.16197666437886e-05 0.146219605788739 2020-09-16 0.142811041713803 0.134322965624552 18.7
2020-09-17 2427 40424 2825 293 0.000166575154426905 0.00277446808510638 0.000193891557995882 2.01098146877145e-05 0.128680716961587 2020-09-17 0.144285885987327 0.136522881241622 14.9
2020-09-18 2652 40600 2825 401 0.000182017844886754 0.00278654770075498 0.000193891557995882 2.7522306108442e-05 0.163972039010329 2020-09-18 0.140028123942408 0.139984634589513 11.9
2020-09-19 2881 40777 2826 407 0.000197735072065889 0.00279869595058339 0.000193960192175704 2.79341111873713e-05 0.152333816356165 2020-09-19 0.142843659076725 0.141596729074934 10.4
2020-09-20 3054 40968 2827 365 0.000209608785175017 0.00281180507892931 0.000194028826355525 2.50514756348662e-05 0.127311373615379 2020-09-20 0.135703658461961 0.14331777624299 13
2020-09-21 3299 41146 2829 425 0.000226424159231297 0.00282402196293754 0.000194166094715168 2.91695264241592e-05 0.137948197190697 2020-09-21 0.133711995012393 0.139368270417773 14
2020-09-22 3578 41342 2832 478 0.00024557309540151 0.00283747426218257 0.000194371997254633 3.28071379547014e-05 0.14343986461418 2020-09-22 0.126123109585354 0.142342320939061 15.1
2020-09-23 3652 41600 2835 335 0.000250652024708305 0.00285518188057653 0.000194577899794097 2.29924502402196e-05 0.0962396014853898 2020-09-23 0.120830574942831 0.134086108521269 19.8
2020-09-24 3774 41886 2836 409 0.000259025394646534 0.00287481125600549 0.000194646533973919 2.80713795470144e-05 0.114739072814613 2020-09-24 0.120427054261102 0.131907410871062 19.2
2020-09-25 3899 42169 2837 409 0.000267604667124228 0.00289423472889499 0.000194715168153741 2.80713795470144e-05 0.110849841021057 2020-09-25 0.124513520705394 0.124732182440827 19.5
2020-09-26 3996 42507 2837 435 0.000274262182566918 0.00291743308167467 0.000194715168153741 2.98558682223747e-05 0.115286073858502 2020-09-26 0.121583087683733 0.119864347367798 19.4
2020-09-27 4196 42796 2839 491 0.000287989018531229 0.0029372683596431 0.000194852436513384 3.36993822923816e-05 0.124486728843272 2020-09-27 0.12710298603145 0.119480767539809 22
2020-09-28 4564 43127 2840 700 0.000313246396705559 0.00295998627316404 0.000194921070693205 4.80439258750858e-05 0.16655346230074 2020-09-28 0.127067182852641 0.122740841006029 20.7
2020-09-29 4791 43450 2844 554 0.000328826355525051 0.0029821551132464 0.000195195607412491 3.80233356211393e-05 0.122926833462558 2020-09-29 0.132900343533322 0.120064427900436 15.9
2020-09-30 4955 43907 2848 625 0.000340082361015786 0.00301352093342485 0.000195470144131778 4.28963623884695e-05 0.134878889919406 2020-09-30 0.134923593202941 0.125995724527558 15
2020-10-01 4975 44422 2851 538 0.000341455044612217 0.00304886753603294 0.000195676046671242 3.69251887439945e-05 0.11448845056295 2020-10-01 0.132948334363951 0.125956371969234 13.7
2020-10-02 5203 44850 2927 732 0.000357103637611531 0.00307824296499657 0.00020089224433768 5.02402196293754e-05 0.151681965785825 2020-10-02 0.126187080952251 0.131727704782643 10.8
2020-10-03 5380 45285 2968 653 0.000369251887439945 0.00310809883321894 0.000203706245710364 4.48181194234729e-05 0.129448821545837 2020-10-03 0.123715530847057 0.13392630133913 8.9
2020-10-04 5405 45819 2975 566 0.000370967741935484 0.00314474948524365 0.000204186684969115 3.88469457789979e-05 0.110659916970343 2020-10-04 0.12095594567254 0.131692548283082 9.8
2020-10-05 5474 46360 2980 615 0.000375703500343171 0.00318188057652711 0.000204529855868222 4.22100205902539e-05 0.119224688418838 2020-10-05 0.127231825301797 0.125550987936549 11.7
2020-10-06 5469 46906 2987 548 0.000375360329444063 0.00321935483870968 0.000205010295126973 3.761153054221e-05 0.105625982726198 2020-10-06 0.13152903231054 0.122859653746136 12.9
2020-10-07 5344 47613 2988 583 0.000366781056966369 0.00326787920384351 0.000205078929306795 4.00137268359643e-05 0.115561793697787 2020-10-07 0.134691082303786 0.120176438312518 14.3
2020-10-08 5442 48308 2992 797 0.000373507206588881 0.00331557995881949 0.000205353466026081 5.47014413177763e-05 0.158419607967753 2020-10-08 0.13616796156127 0.12588353691631 10.1
2020-10-09 5652 49032 2997 939 0.000387920384351407 0.0033652711050103 0.000205696636925189 6.44474948524365e-05 0.181762414847027 2020-10-09 0.140417514276664 0.129179393665446 11.2
2020-10-10 5754 49732 3004 809 0.000394921070693205 0.00341331503088538 0.00020617707618394 5.55250514756349e-05 0.15158317149856 2020-10-10 0.144487929901701 0.132125459744504 16.2
2020-10-11 5697 50437 3005 649 0.000391008922443377 0.00346170212765957 0.000206245710363761 4.45435827041867e-05 0.12099807177273 2020-10-11 0.146661335501336 0.133822047379137 8.9
2020-10-12 5833 51105 3008 807 0.000400343170899108 0.00350754975978037 0.000206451612903226 5.53877831159918e-05 0.148971557426591 2020-10-12 0.144442613673248 0.138148846980363 12.1
2020-10-13 5946 51729 3017 746 0.000408098833218943 0.00355037748798902 0.00020706932052162 5.12010981468771e-05 0.134118892101459 2020-10-13 0.136946707161802 0.142943460727731 14.4
2020-10-14 5884 52512 3017 721 0.000403843514070007 0.00360411805078929 0.00020706932052162 4.94852436513384e-05 0.130775632895232 2020-10-14 0.135933316820478 0.145491464246067 12.3
2020-10-15 5883 53291 3022 783 0.000403774879890185 0.00365758407687028 0.000207412491420728 5.37405628002745e-05 0.142888555171136 2020-10-15 0.135385369840287 0.143362601544326 12.6
2020-10-16 5873 54004 3031 712 0.00040308853809197 0.00370652024708305 0.000208030199039121 4.88675360329444e-05 0.129291069266904 2020-10-16 0.131793707368423 0.136553307060683 8.7
2020-10-17 5986 54686 3041 805 0.000410844200411805 0.00375332875772135 0.000208716540837337 5.52505147563487e-05 0.144489439109291 2020-10-17 0.132806286969557 0.135621538741312 9.6
2020-10-18 5954 55371 3046 658 0.000408647906657515 0.00380034317089911 0.000209059711736445 4.51612903225806e-05 0.117162442911396 2020-10-18 0.133276918775012 0.134998857060317 10.5
2020-10-19 6047 55978 3050 704 0.00041503088538092 0.00384200411805079 0.000209334248455731 4.8318462594372e-05 0.123829920123545 2020-10-19 0.133033313507551 0.131480649097985 7.5
2020-10-20 6237 56606 3053 821 0.000428071379547014 0.00388510638297872 0.000209540150995196 5.63486616334935e-05 0.141206949309391 2020-10-20 0.134071438833852 0.132451535829457 8.9
2020-10-21 6299 57325 3062 790 0.000432326698695951 0.00393445435827042 0.00021015785861359 5.42210020590254e-05 0.134070055533421 2020-10-21 0.135550156435404 0.1329231314602 13.1
2020-10-22 6390 58066 3071 841 0.000438572409059712 0.00398531228551819 0.000210775566231984 5.77213452299245e-05 0.141183318298907 2020-10-22 0.141429267247338 0.132695348183568 10.6
2020-10-23 6474 58799 3080 826 0.000444337680164722 0.00403562113932739 0.000211393273850378 5.66918325326012e-05 0.136557946551015 2020-10-23 0.141492038152024 0.133736001436466 16
2020-10-24 6821 59424 3086 978 0.0004681537405628 0.00407851750171585 0.000211805078929307 6.7124227865477e-05 0.154840462320154 2020-10-24 0.138215130961201 0.135064419434774 6.6
2020-10-25 7120 60160 3093 1042 0.000488675360329444 0.00412903225806452 0.000212285518188058 7.15168153740563e-05 0.158316218594935 2020-10-25 0.135974140756569 0.140999531283232 5.2
2020-10-26 7286 60839 3099 851 0.000500068634179822 0.00417563486616335 0.000212697323266987 5.840768702814e-05 0.124269316456348 2020-10-26 0.134606325550171 0.141070897218737 6.3
2020-10-27 7418 61530 3103 827 0.000509128345916266 0.00422306108442004 0.000212971859986273 5.67604667124228e-05 0.118268598973629 2020-10-27 0.132856919110016 0.137543268405119 NA
2020-10-28 7474 62303 3108 834 0.000512971859986273 0.0042761153054221 0.000213315030885381 5.72409059711736e-05 0.118383124100999 2020-10-28 0.130455219550922 0.135119819218172 NA
2020-10-29 7578 63123 3118 934 0.000520109814687714 0.00433239533287577 0.000214001372683596 6.41043239533288e-05 0.13160861185412 2020-10-29 0.126504205339798 0.133771021843136 6.8
2020-10-30 7669 63919 3127 896 0.000526355525051476 0.00438702814001373 0.00021461908030199 6.14962251201098e-05 0.124312101469926 2020-10-30 0.126553104034048 0.131987548722261 0.7
2020-10-31 7877 64717 3136 1015 0.000540631434454358 0.00444179821551132 0.000215236787920384 6.96636925188744e-05 0.138028565406497 2020-10-31 0.129003919846435 0.129838108382658 2.9
2020-11-01 7981 65581 3145 977 0.0005477693891558 0.00450109814687715 0.000215854495538778 6.70555936856555e-05 0.130659119117068 2020-11-01 0.130140424190299 0.126325183943349 6.3
2020-11-02 8096 66407 3152 948 0.000555662319835278 0.00455778997940975 0.000216334934797529 6.50652024708305e-05 0.124611607316097 2020-11-02 0.129515972849288 0.126374833021756 3.3
2020-11-03 8295 67244 3166 1050 0.000569320521619767 0.00461523678792038 0.000217295813315031 7.20658888126287e-05 0.135424309660339 2020-11-03 0.129938259354672 0.128844082541444 6.2
2020-11-04 8321 68189 3182 987 0.000571105010295127 0.00468009608785175 0.000218393960192176 6.7741935483871e-05 0.126338654508046 2020-11-04 0.130227572732222 0.130046804322758 11
2020-11-05 8358 69137 3195 998 0.000573644474948524 0.00474516129032258 0.000219286204529856 6.8496911461908e-05 0.127237452467044 2020-11-05 0.134099182779817 0.129420795266247 13.9
2020-11-06 8398 70086 3209 1003 0.000576389842141386 0.00481029512697323 0.000220247083047358 6.88400823610158e-05 0.127268107007616 2020-11-06 0.136295625404556 0.129856020426575 13.9
2020-11-07 8667 70938 3220 1132 0.000594852436513384 0.00486877144818119 0.000221002059025395 7.76938915579959e-05 0.140053759049347 2020-11-07 0.138070802919716 0.130126507686548 14.9
2020-11-08 9105 71815 3233 1328 0.000624914207275223 0.00492896362388469 0.000221894303363075 9.11461908030199e-05 0.157760389450228 2020-11-08 0.140614020260932 0.13367795996487 13.8
2020-11-09 9514 72636 3245 1242 0.000652985586822238 0.00498531228551819 0.000222717913520933 8.52436513383665e-05 0.139986705689273 2020-11-09 0.143958108661334 0.135918363603748 15
2020-11-10 10106 73417 3260 1388 0.000693617021276596 0.00503891557995882 0.000223747426218257 9.5264241592313e-05 0.147850552266462 2020-11-10 0.144060097783314 0.137633690261757 16
2020-11-11 10631 74303 3275 1426 0.00072964996568291 0.00509972546328071 0.00022477693891558 9.78723404255319e-05 0.144141175896553 2020-11-11 0.143918588175461 0.140250230888934 12.4
2020-11-12 11271 75220 3293 1575 0.000773575840768703 0.00516266300617708 0.000226012354152368 0.000108098833218943 0.150646071269859 2020-11-12 0.136620280140511 0.143674976302434 7.2
2020-11-13 11630 76238 3312 1396 0.00079821551132464 0.00523253260123542 0.000227316403568977 9.58133150308854e-05 0.127982030861474 2020-11-13 0.134236689580429 0.143789837587546 7.3
2020-11-14 12188 77241 3332 1581 0.000836513383665065 0.00530137268359643 0.000228689087165408 0.000108510638297872 0.139063191794379 2020-11-14 0.127638838342457 0.143644110742689 5.5
2020-11-15 12345 78303 3361 1248 0.000847288949897049 0.00537426218256692 0.000230679478380233 8.56554564172958e-05 0.106672233205574 2020-11-15 0.123793052562483 0.13583439159032 8.5
2020-11-16 12830 79295 3371 1487 0.000880576527110501 0.0054423472889499 0.000231365820178449 0.000102059025394647 0.123301571768704 2020-11-16 0.116674756138576 0.133393821975833 4
2020-11-17 12932 80430 3383 1249 0.000887577213452299 0.00552024708304736 0.000232189430336307 8.57240905971174e-05 0.101665593600658 2020-11-17 0.115430301577284 0.126444560642698 -0.2
2020-11-18 12822 81925 3415 1417 0.000880027453671929 0.00562285518188058 0.000234385724090597 9.72546328071379e-05 0.117220675436732 2020-11-18 0.114462378562842 0.122764807930541 -0.5
2020-11-19 12628 83301 3443 1210 0.000866712422786548 0.00571729581331503 0.000236307481125601 8.30473575840769e-05 0.100817996302509 2020-11-19 0.117299654428644 0.115919575428029 9.2
2020-11-20 12623 84716 3451 1418 0.00086636925188744 0.00581441317776253 0.000236856554564173 9.73232669869595e-05 0.119270848932433 2020-11-20 0.118321412405882 0.114758075129866 12.2
2020-11-21 12827 86079 3472 1588 0.000880370624571036 0.0059079615648593 0.000238297872340426 0.000108991077556623 0.132287730693284 2020-11-21 0.11542768559875 0.11394212335108 4.5
2020-11-22 12918 87508 3486 1534 0.000886616334934798 0.0060060398078243 0.000239258750857927 0.000105284831846259 0.126533164266186 2020-11-22 0.114934737306117 0.11675556545546 1.7
2020-11-23 13004 88992 3505 1589 0.000892518874399451 0.00610789293067948 0.000240562800274537 0.000109059711736445 0.13045387760937 2020-11-23 0.117974032332187 0.117699855992645 1.9
2020-11-24 12917 90074 3519 1009 0.000886547700754976 0.0061821551132464 0.000241523678792038 6.92518874399451e-05 0.0814095059507361 2020-11-24 0.12249400639455 0.114022452235396 1.1
2020-11-25 12779 91550 3554 1373 0.000877076183939602 0.00628345916266301 0.000243925875085793 9.42347288949897e-05 0.113770037388301 2020-11-25 0.124265867189875 0.113536791516435 5.1
2020-11-26 12871 92915 3575 1478 0.000883390528483185 0.00637714481811942 0.000245367192862045 0.000101441317776253 0.122093061485001 2020-11-26 0.125114657720867 0.116685154613441 9.3
2020-11-27 13255 94366 3595 1855 0.00090974605353466 0.00647673301304049 0.000246739876458476 0.000127316403568977 0.150910667368969 2020-11-27 0.125245172951928 0.120673956776402 7.3
2020-11-28 13538 95876 3624 1822 0.000929169526424159 0.00658037062457104 0.000248730267673301 0.000125051475634866 0.14469075626056 2020-11-28 0.131495800046724 0.122228850465897 5.6
2020-11-29 13779 97319 3648 1708 0.000945710363761153 0.00667940974605353 0.000250377487989019 0.000117227179135209 0.132474697983131 2020-11-29 0.133299497961115 0.123032731429897 6.6
2020-11-30 14197 98639 3656 1746 0.000974399450926561 0.00677000686341798 0.000250926561427591 0.000119835277968428 0.1313674842268 2020-11-30 0.134674374326656 0.123155454172816 3.6
2020-12-01 14524 100012 3663 1707 0.000996842827728209 0.00686424159231297 0.000251407000686342 0.000117158544955388 0.125163895614304 2020-12-01 0.131185153035631 0.130960380760072 -0.7
2020-12-02 14526 101698 3698 1723 0.000996980096087852 0.00697995881949211 0.000253809196980096 0.000118256691832533 0.126395922789037 2020-12-02 0.129156493277156 0.132944152025713 2
2020-12-03 14795 103239 3712 1824 0.00101544269045985 0.00708572409059712 0.000254770075497598 0.000125188743994509 0.131717196043792 2020-12-03 0.129125850031659 0.134392983227932 3.3
2020-12-04 14997 104792 3737 1780 0.0010293067947838 0.00719231297185999 0.000256485929993137 0.000122168840082361 0.126486118331796 2020-12-04 0.128651934888863 0.131045685390912 3
2020-12-05 15212 106416 3757 1859 0.00104406314344544 0.00730377487989019 0.000257858613589568 0.000127590940288264 0.13049013795123 2020-12-05 0.126441159184478 0.129126004448803 -0.5
2020-12-06 15547 107990 3772 1924 0.00106705559368566 0.00741180507892931 0.000258888126286891 0.000132052161976664 0.132260195264654 2020-12-06 0.126257829828288 0.129096115054928 -1.7
2020-12-07 16034 109402 3798 1925 0.00110048043925875 0.00750871654083734 0.000260672614962251 0.000132120796156486 0.128050078227225 2020-12-07 0.126076202062291 0.128625273412662 -1.9
2020-12-08 16151 110951 3808 1676 0.00110851063829787 0.00761503088538092 0.000261358956760467 0.00011503088538092 0.109688465683612 2020-12-08 0.125236791480705 0.126222858009379 -1.3
2020-12-09 16089 112875 3836 1890 0.00110425531914894 0.00774708304735758 0.00026328071379547 0.000129718599862732 0.125112617295708 2020-12-09 0.124144325781423 0.126038977998265 2.5
2020-12-10 16233 114679 3871 1983 0.00111413864104324 0.00787089910775566 0.000265682910089224 0.000136101578586136 0.130445801681814 2020-12-10 0.12087555227506 0.125864456765789 4.4
2020-12-11 16283 116432 3916 1848 0.00111757035003432 0.00799121482498284 0.000268771448181194 0.000126835964310227 0.120610244260695 2020-12-11 0.120374682474333 0.125012047256701 6.2
2020-12-12 16221 118350 3933 1873 0.00111331503088538 0.00812285518188058 0.000269938229238161 0.000128551818805765 0.122842878056256 2020-12-12 0.125214540176778 0.12393816223484 6.7
2020-12-13 16204 120028 3949 1677 0.00111214824982841 0.00823802333562114 0.000271036376115305 0.000115099519560741 0.109378780720108 2020-12-13 0.12647489442482 0.120620159267212 3.8
2020-12-14 16586 121563 3972 1940 0.00113836650652025 0.00834337680164722 0.000272614962251201 0.000133150308853809 0.124543989622137 2020-12-14 0.129264239062478 0.120142719541653 0.4
2020-12-15 17031 123373 3992 2275 0.00116890871654084 0.00846760466712423 0.000273987645847632 0.000156142759094029 0.143567469600731 2020-12-15 0.131802581368209 0.124852360056657 -4.3
2020-12-16 17084 125416 4035 2139 0.00117254632807138 0.00860782429649966 0.000276938915579959 0.000146808510638298 0.133935097032002 2020-12-16 0.134085664512463 0.126073662244918 -5.9
2020-12-17 17484 127425 4058 2432 0.0012 0.00874571036376115 0.000278517501715855 0.000166918325326012 0.149971214145413 2020-12-17 0.137519404116687 0.128611066680212 -5
2020-12-18 17742 129417 4098 2290 0.00121770761839396 0.00888242964996568 0.000281262868908717 0.000157172271791352 0.138378640400814 2020-12-18 0.136659891815268 0.13116100904342 -3.3
2020-12-19 18207 131282 4125 2357 0.00124962251201098 0.00901043239533288 0.000283115991763898 0.000161770761839396 0.138824460066034 2020-12-19 0.133481125700473 0.133472793651709 1.7
2020-12-20 18567 133213 4150 2316 0.00127433081674674 0.00914296499656829 0.000284831846259437 0.000158956760466712 0.133414957949675 2020-12-20 0.13328270390417 0.137314766527866 3.4
2020-12-21 19019 134867 4167 2123 0.00130535346602608 0.00925648592999314 0.000285998627316404 0.000145710363761153 0.118527403512209 2020-12-21 0.130722002375466 0.136346891893622 2.4
2020-12-22 19300 136767 4188 2202 0.00132463967055594 0.00938689087165408 0.000287439945092656 0.000151132463967056 0.121316106797166 2020-12-22 0.127570916631508 0.133105811193051 2.3
2020-12-23 19424 139010 4229 2408 0.00133315030885381 0.00954083733699382 0.00029025394646534 0.000165271105010295 0.132546144457877 2020-12-23 0.12404996029739 0.132907735884658 5
2020-12-24 19809 141023 4278 2447 0.00135957446808511 0.00967899794097461 0.000293617021276596 0.000167947838023336 0.13204630344449 2020-12-24 0.120215440788365 0.130512731712284 3.7
2020-12-25 19688 143260 4321 2159 0.0013512697323267 0.00983253260123542 0.000296568291008922 0.000148181194234729 0.116321040193107 2020-12-25 0.11817624669137 0.12731509866677 -2.2
2020-12-26 19879 145173 4359 2142 0.00136437886067262 0.00996382978723404 0.000299176389842141 0.000147014413177763 0.114177765727207 2020-12-26 0.120498266508963 0.123809383356905 -3
2020-12-27 19861 147178 4377 2005 0.00136314344543583 0.0101014413177763 0.000300411805078929 0.00013761153054221 0.106573321386499 2020-12-27 0.123506160184924 0.119899393393613 1.1
2020-12-28 19612 149329 4414 1939 0.00134605353466026 0.0102490734385724 0.000302951269732327 0.000133081674673988 0.104253044833243 2020-12-28 0.128564358258434 0.117721436796182 1.7
2020-12-29 19891 151562 4455 2553 0.00136520247083047 0.0104023335621139 0.00030576527110501 0.00017522306108442 0.137570245520318 2020-12-29 0.129383017630918 0.119855072236334 -2.3
2020-12-30 20558 153799 4474 2923 0.00141098146877145 0.0105558682223747 0.00030706932052162 0.000200617707618394 0.153601400189601 2020-12-30 0.135857684491006 0.122406163375402 1.7
2020-12-31 21617 156012 4530 3328 0.00148366506520247 0.0107077556623198 0.000310912834591627 0.000228414550446122 0.167453689959059 2020-12-31 0.13982984252141 0.126631467351542 0.7
2021-01-01 21582 158472 4581 2476 0.00148126286890872 0.0108765957446809 0.000314413177762526 0.000169938229238161 0.122051655800499 2021-01-01 0.145192734307406 0.127504428108225 0.7
2021-01-02 22847 160526 4625 3363 0.00156808510638298 0.0110175703500343 0.000317433081674674 0.000230816746739876 0.159500433747818 2021-01-02 0.144008113506978 0.133741230465188 0.7
2021-01-03 23611 162701 4650 2964 0.00162052161976664 0.0111668496911462 0.000319148936170213 0.000203431708991078 0.134378427599333 2021-01-03 0.141228216732616 0.138244646481885 1.1
2021-01-04 24778 164775 4679 3270 0.00170061770761839 0.0113091969800961 0.000321139327385038 0.000224433768016472 0.141793287335211 2021-01-04 0.137522042976226 0.144453913238677 0.8
2021-01-05 25840 166790 4730 3128 0.00177350720658888 0.0114474948524365 0.000324639670555937 0.000214687714481812 0.129277899917326 2021-01-05 0.143463439223057 0.143176630141641 1.1
2021-01-06 26064 169795 4767 3266 0.00178888126286891 0.0116537405628003 0.000327179135209334 0.000224159231297186 0.134142122769066 2021-01-06 0.129554211648954 0.14043257226657 0.9
2021-01-07 26718 172571 4856 3519 0.0018337680164722 0.0118442690459849 0.000333287577213452 0.000241523678792038 0.141510473664332 2021-01-07 0.130486789720544 0.137095789492768 -2
2021-01-08 28203 175309 4882 4249 0.00193568977350721 0.0120321894303363 0.000335072065888813 0.000291626630061771 0.163641429528314 2021-01-08 0.126750519499762 0.142960782069807 -4.8
2021-01-09 57382 356448 9844 3443 0.00393836650652025 0.0244645161290323 0.000675634866163349 0.000236307481125601 0.0621358407290971 2021-01-09 0.122781852538353 0.124947735122271 0.8
2021-01-10 30079 180720 4983 3945 0.00206444749485244 0.0124035689773507 0.000342004118050789 0.000270761839396019 0.140906474100461 2021-01-10 0.118689034037119 0.125797336048155 0.1
2021-01-11 30632 183476 5012 3338 0.00210240219629375 0.0125927247769389 0.000343994509265614 0.000229100892244338 0.115639395789741 2021-01-11 0.115719327473371 0.122186004828934 -1
2021-01-12 30141 186829 5053 2903 0.00206870281400137 0.0128228551818806 0.000346808510638298 0.000199245024021963 0.101497231187461 2021-01-12 0.108064265001158 0.118035175843082 -0.5
2021-01-13 29636 190221 5127 2961 0.00203404255319149 0.0130556623198353 0.000351887439945093 0.000203225806451613 0.10549239326043 2021-01-13 0.115354531456566 0.114052592462342 1.5
2021-01-14 29307 193814 5189 3326 0.0020114619080302 0.0133022649279341 0.000356142759094029 0.000228277282086479 0.120722527718096 2021-01-14 0.113272132039517 0.111493097396037 3.4
2021-01-15 28825 197194 5289 2998 0.00197838023335621 0.013534248455731 0.000363006177076184 0.00020576527110501 0.110055992222819 2021-01-15 0.110264994279155 0.105350502994165 4.2
2021-01-16 28618 200406 5340 3056 0.00196417295813315 0.0137547014413178 0.000366506520247083 0.00020974605353466 0.113167705916955 2021-01-16 0.106041641086012 0.114771432947819 2.3
2021-01-17 28893 203484 5409 3422 0.00198304735758408 0.0139659574468085 0.00037124227865477 0.000234866163349348 0.126329678181119 2021-01-17 0.106102019817422 0.112994869325202 2.3
2021-01-18 28621 206310 5433 2578 0.00196437886067261 0.0141599176389842 0.000372889498970487 0.000176938915579959 0.0945894314672019 2021-01-18 0.104093256313981 0.109797525611654 -0.5
2021-01-19 27615 209183 5479 1913 0.00189533287577213 0.0143571036376115 0.000376046671242279 0.000131297185998627 0.0719337588354617 2021-01-19 0.104307333907739 0.104527929329683 0
2021-01-20 26467 212897 5568 2655 0.00181654083733699 0.0146120109814688 0.000382155113246397 0.000182223747426218 0.105915044380302 2021-01-20 0.102601805677844 0.104587653577011 -4
2021-01-21 26063 215887 5614 2632 0.00178881262868909 0.0148172271791352 0.000385312285518188 0.000180645161290323 0.106661183194011 2021-01-21 0.0996441888610567 0.102753657111977 1.6
2021-01-22 25263 219262 5701 2662 0.00173390528483185 0.0150488675360329 0.000391283459162663 0.000182704186684969 0.111554535379123 2021-01-22 0.0985147574853226 0.102952373798045 -1.9
2021-01-23 24545 222287 5753 2359 0.00168462594371997 0.0152564859299931 0.000394852436513384 0.000161908030199039 0.101229008307688 2021-01-23 0.0994771451978599 0.101325691136915 -7.3
2021-01-24 24153 225046 5803 2417 0.00165772134522992 0.0154458476321208 0.000398284145504461 0.000165888812628689 0.105626360463609 2021-01-24 0.095678692906972 0.0987676793875266 -4
2021-01-25 23620 227494 5846 1958 0.00162113932738504 0.015613864104324 0.000401235415236788 0.000134385724090597 0.0866834118370635 2021-01-25 0.0951116208153471 0.0975437883907473 0.1
2021-01-26 23036 229755 5909 1740 0.00158105696636925 0.0157690459849005 0.000405559368565546 0.000119423472889499 0.0786704728232227 2021-01-26 0.0927059387918074 0.0987992760537283 -1.5
2021-01-27 21932 232480 5958 1670 0.00150528483184626 0.0159560741249142 0.000408922443376802 0.00011461908030199 0.0793258783440869 2021-01-27 0.0940501432079791 0.0948023454081373 -5.4
2021-01-28 21478 234971 6014 2093 0.00147412491420728 0.0161270418668497 0.000412765957446809 0.000143651338366507 0.102691678552636 2021-01-28 0.0934259211921605 0.0942900923926449 -9.4
2021-01-29 20357 237871 6072 1837 0.00139718599862732 0.0163260809883322 0.000416746739876458 0.000126080988332189 0.0947147612143455 2021-01-29 0.0966788666894873 0.0921113752664601 -9.4
2021-01-30 19724 240494 6145 2063 0.00135374056280027 0.0165061084420041 0.000421757035003432 0.00014159231297186 0.11063843922089 2021-01-30 0.0915513047719205 0.0932884126652708 -6.3
2021-01-31 19216 242807 6188 1848 0.00131887439945093 0.0166648592999314 0.000424708304735758 0.000126835964310227 0.101256806352878 2021-01-31 0.0905552873581556 0.092727072268027 -6.5
2021-02-01 19017 244939 6224 1969 0.00130521619766644 0.0168111873713109 0.000427179135209334 0.000135140700068634 0.109454030318351 2021-02-01 0.0902750266046779 0.0958688175397276 -5.8
2021-02-02 17813 247236 5876 745 0.00122258064516129 0.016968840082361 0.000403294440631434 5.11324639670556e-05 0.0427775394002555 2021-02-02 0.0928053450692737 0.0878775515019513 -3.9
2021-02-03 16811 248981 6305 1172 0.0011538091969801 0.0170886067261496 0.00043273850377488 8.04392587508579e-05 0.0723537564477324 2021-02-03 0.0906299187559797 0.0867301827064472 -2.5
2021-02-04 16330 250937 6393 1563 0.00112079615648593 0.0172228551818806 0.000438778311599176 0.000107275223061084 0.100729853278293 2021-02-04 0.0913303501658589 0.086491522032069 0.1
2021-02-05 15722 253170 6438 1670 0.00107906657515443 0.0173761153054221 0.000441866849691146 0.00011461908030199 0.112426990466516 2021-02-05 0.0889095860813393 0.0886359024001808 -1.7
2021-02-06 15269 254966 6483 1388 0.00104797529169526 0.0174993822923816 0.000444955387783116 9.5264241592313e-05 0.0954104550278324 2021-02-06 0.0936802977111814 0.0867805737712034 -6.6
2021-02-07 14799 256903 6505 1489 0.00101571722717914 0.017632326698696 0.00044646533973919 0.00010219629375429 0.106159826222033 2021-02-07 0.0953891135075069 0.0873687712234428 -8.4
2021-02-08 14331 258603 6538 1265 0.000983596431022649 0.0177490048043926 0.000448730267673301 8.68222374742622e-05 0.0925086817267135 2021-02-08 0.0919188769267731 0.0852944196074342 -8.7
2021-02-09 13948 259991 6555 1022 0.000957309540150995 0.0178442690459849 0.000449897048730268 7.01441317776253e-05 0.0761725208091504 2021-02-09 0.0887328504223135 0.092622846223904 -5.6
2021-02-10 13270 261700 6596 1072 0.000910775566231984 0.0179615648592999 0.000452711050102951 7.35758407687028e-05 0.0843154670220107 2021-02-10 0.0910162253926578 0.0946695759581914 -7.2
2021-02-11 12853 263044 6614 945 0.000882155113246397 0.0180538091969801 0.000453946465339739 6.48592999313658e-05 0.076438197213156 2021-02-11 0.0879952631430657 0.0910100436077927 -6.3
2021-02-12 12496 264459 6632 1076 0.000857652711050103 0.0181509265614276 0.000455181880576527 7.3850377487989e-05 0.0901248049352984 2021-02-12 0.0870466468920682 0.0881802421498789 -10.8
2021-02-13 12343 265893 6651 1300 0.000847151681537406 0.0182493479752917 0.000456485929993137 8.92244337680165e-05 0.111394079820243 2021-02-13 0.0877612539191673 0.0901531147780349 -10.2
2021-02-14 12047 267128 6693 981 0.000826835964310226 0.0183341111873713 0.000459368565545642 6.73301304049417e-05 0.0850130904748876 2021-02-14 0.0871882201570086 0.0873370824126651 -7.1
2021-02-15 11725 268401 6706 964 0.000804735758407687 0.0184214824982841 0.000460260809883322 6.61633493479753e-05 0.0858683679697313 2021-02-15 0.090854691459751 0.0864126559263771 -5.6
2021-02-16 11604 269413 6719 904 0.000796431022649279 0.0184909402882636 0.000461153054221002 6.20452985586822e-05 0.0811747699988442 2021-02-16 0.0944806570646852 0.0872014003163683 -9.2
2021-02-17 10985 270869 6729 847 0.000753946465339739 0.0185908716540837 0.000461839396019218 5.81331503088538e-05 0.0803042306869 2021-02-17 0.0964634168128509 0.0865963010057515 -7.6
2021-02-18 10702 272146 6773 1038 0.00073452299245024 0.0186785175017159 0.000464859299931366 7.12422786547701e-05 0.102103496332353 2021-02-18 0.100148120468283 0.0902528230797568 -4.4
2021-02-19 10550 273401 6820 1150 0.000724090597117364 0.0187646533973919 0.000468085106382979 7.89293067947838e-05 0.115506564169837 2021-02-19 0.103321288051926 0.0935094308508815 -3.6
2021-02-20 10437 274714 6848 1228 0.000716334934797529 0.0188547700754976 0.000470006863417982 8.42827728208648e-05 0.125273398057403 2021-02-20 0.105947892394317 0.0950912734174558 -4.1
2021-02-21 10371 275854 6861 1087 0.000711805078929307 0.0189330130404942 0.000470899107755662 7.46053534660261e-05 0.110806016062914 2021-02-21 0.110315158975279 0.0987598249136439 -4.2
2021-02-22 10335 276937 6872 1058 0.000709334248455731 0.0190073438572409 0.000471654083733699 7.26149622512011e-05 0.10808054105523 2021-02-22 0.112871461793119 0.102059581452405 1.6
2021-02-23 10296 277939 6884 975 0.00070665751544269 0.0190761153054221 0.000472477693891558 6.69183253260124e-05 0.0995610003955811 2021-02-23 0.115005528034901 0.105080145757066 2.7
2021-02-24 10050 279230 6893 1054 0.000689773507206589 0.0191647220315717 0.000473095401509952 7.23404255319149e-05 0.110875096753637 2021-02-24 0.114266164862468 0.110035880159839 4.9
2021-02-25 10071 280324 6916 1138 0.000691214824982841 0.0192398078242965 0.000474673987645848 7.81056966369252e-05 0.119997616057226 2021-02-25 0.113693844957126 0.112603834397993 -0.2
2021-02-26 10294 281331 6944 1258 0.000706520247083047 0.0193089224433768 0.000476595744680851 8.63417982155113e-05 0.130445027862318 2021-02-26 0.112806941214715 0.114577414293955 -0.3
2021-02-27 10479 282315 6960 1185 0.000719217570350034 0.0193764584763212 0.000477693891557996 8.13315030885381e-05 0.120097855850368 2021-02-27 0.112318739300288 0.113888889803793 3.7
2021-02-28 10492 283344 6980 1062 0.000720109814687714 0.0194470830473576 0.000479066575154427 7.28894989704873e-05 0.106799776725518 2021-02-28 0.11029961553698 0.113291322299342 4.1
2021-03-01 10570 284283 6986 1023 0.000725463280713796 0.01951153054221 0.000479478380233356 7.02127659574468e-05 0.101872214858353 2021-03-01 0.107652586727992 0.11233792406155 -1.5
2021-03-02 10546 285262 6997 966 0.000723816060398078 0.0195787234042553 0.000480233356211393 6.63006177076184e-05 0.0961435869945932 2021-03-02 0.107366326633918 0.111778789979117 -5.9
2021-03-03 10397 286352 7014 958 0.000713589567604667 0.0196535346602608 0.00048140013726836 6.5751544269046e-05 0.0967412304104809 2021-03-03 0.104790841636009 0.109622338012645 3.6
2021-03-04 10309 287424 7024 994 0.000707549759780371 0.0197271105010295 0.000482086479066575 6.82223747426218e-05 0.101468414394314 2021-03-04 0.108630409327582 0.107026937098506 -2.6
2021-03-05 10378 288583 7046 1250 0.000712285518188058 0.0198066575154427 0.000483596431022649 8.57927247769389e-05 0.128441207203798 2021-03-05 0.116987286167825 0.106790506610243 -3.6
2021-03-06 10210 289735 7052 990 0.000700754975978037 0.0198857240905971 0.000484008236101579 6.79478380233356e-05 0.102069460865008 2021-03-06 0.119206812877941 0.10433770966443 -3.8
2021-03-07 10389 290840 7067 1299 0.000713040494166095 0.0199615648592999 0.000485037748798902 8.91557995881949e-05 0.133676750566528 2021-03-07 0.123071665088019 0.107737725884087 -3.9
2021-03-08 11016 291834 7077 1631 0.000756074124914207 0.0200297872340426 0.000485724090597117 0.00011194234728895 0.160370352740052 2021-03-08 0.123130034210704 0.114953030143702 1.5
2021-03-09 11223 292806 7083 1185 0.000770281400137268 0.0200964996568291 0.000486135895676047 8.13315030885381e-05 0.111680273965403 2021-03-09 0.122911653376181 0.117439490747369 6
2021-03-10 11311 294018 7099 1316 0.000776321207961565 0.0201796842827728 0.000487234042553192 9.03225806451613e-05 0.123795195881028 2021-03-10 0.117506512721758 0.121650260390365 8.7
2021-03-11 11283 295128 7109 1092 0.000774399450926561 0.0202558682223747 0.000487920384351407 7.49485243651338e-05 0.101876998253111 2021-03-11 0.120155950563648 0.121720118539845 12.8
2021-03-12 11512 296252 7127 1371 0.000790116678105697 0.0203330130404942 0.000489155799588195 9.40974605353466e-05 0.126912541362139 2021-03-12 0.112504260164956 0.121512101711671 4.6
2021-03-13 23636 594806 14276 1468 0.00162223747426218 0.0408240219629375 0.000979821551132464 0.000100754975978037 0.0642334762840454 2021-03-13 0.109389155820364 0.113732882883713 0.5
2021-03-14 12383 298570 7153 1747 0.000849897048730268 0.0204921070693205 0.000490940288263555 0.00011990391214825 0.152222815459756 2021-03-14 0.110068369462267 0.115863488548984 -0.5
2021-03-15 12528 299684 7162 1268 0.000859849004804393 0.0205685655456417 0.000491557995881949 8.70281400137268e-05 0.106808519949207 2021-03-15 0.113988361843805 0.109327575395777 -4.2
2021-03-16 12506 300769 7173 1074 0.000858339052848318 0.0206430336307481 0.000492312971859986 7.37131091283459e-05 0.0898745435532607 2021-03-16 0.116046939190369 0.105987001657896 0.8
2021-03-17 12512 302257 7187 1508 0.000858750857927248 0.0207451612903226 0.000493273850377488 0.000103500343170899 0.128549691374351 2021-03-17 0.127187719007754 0.106559159037849 5.4
2021-03-18 12814 303493 7202 1553 0.000879478380233356 0.020829993136582 0.000494303363074811 0.000106588881262869 0.129316944923874 2021-03-18 0.124678687423767 0.110252342773609 3.5
2021-03-19 13253 304789 7212 1745 0.000909608785175017 0.0209189430336307 0.000494989704873027 0.000119766643788607 0.14132258278809 2021-03-19 0.117912292356005 0.111959321742975 -0.4
2021-03-20 13810 306050 7223 1829 0.000947838023335621 0.0210054907343857 0.000495744680851064 0.000125531914893617 0.142218935005738 2021-03-20 0.120610888774291 0.125422072389432 6.3
2021-03-21 14230 307403 7241 1791 0.000976664378860673 0.0210983527796843 0.000496980096087852 0.000122923816060398 0.134659594371846 2021-03-21 0.118016866289873 0.123244602503748 8.9
2021-03-22 29502 617156 14488 1699 0.0020248455730954 0.0423579958819492 0.000994371997254633 0.000116609471516815 0.0594437544748784 2021-03-22 0.12245243111933 0.113347204466246 9.8
2021-03-23 15017 309849 7253 1546 0.00103067947838023 0.0212662319835278 0.00049780370624571 0.000106108442004118 0.108764718481258 2021-03-23 0.12233995150964 0.11647875485706 10.6
2021-03-24 15047 311380 7263 1571 0.00103273850377488 0.0213713109128346 0.000498490048043926 0.000107824296499657 0.110391533983426 2021-03-24 0.123600951614652 0.113972171710024 11.4
2021-03-25 16081 312709 7280 2380 0.00110370624571036 0.0214625257378174 0.000499656829100892 0.000163349347975292 0.160365898730073 2021-03-25 0.124781473629028 0.117530278336258 14.1
2021-03-26 16563 314384 7292 2169 0.00113678792038435 0.0215774879890185 0.000500480439258751 0.000148867536032944 0.140535225520263 2021-03-26 0.133027293913966 0.117436511056004 7.1
2021-03-27 17519 315865 7308 2453 0.00120240219629375 0.0216791352093343 0.000501578586135896 0.000168359643102265 0.151045935740823 2021-03-27 0.135440765717197 0.11845109673792 5.8
2021-03-28 18405 317408 7327 2448 0.00126321207961565 0.0217850377487989 0.000502882635552505 0.000168016472203157 0.142923248472478 2021-03-28 0.137271161579087 0.119463206821962 6.5
2021-03-29 18965 318932 7337 2094 0.00130164722031572 0.0218896362388469 0.000503568977350721 0.000143719972546328 0.11716449646944 2021-03-29 0.133057899183312 0.131623280673065 3.7
2021-03-30 19810 320409 7351 2336 0.00135964310226493 0.0219910089224434 0.000504529855868222 0.000160329444063143 0.125659021103877 2021-03-30 0.134614695632256 0.134366392941815 10.5
2021-03-31 20155 322382 7366 2333 0.00138332189430336 0.0221264241592313 0.000505559368565546 0.000160123541523679 0.123204305016655 2021-03-31 0.132925692406001 0.136490848090864 7.9
2021-04-01 20875 324196 7389 2557 0.00143273850377488 0.0222509265614276 0.000507137954701441 0.000175497597803706 0.130873061959651 2021-04-01 0.131625661396605 0.13258509665552 0.7
2021-04-02 22016 326121 7412 3089 0.00151105010295127 0.0223830473575841 0.000508716540837337 0.000212010981468771 0.151432800662866 2021-04-02 0.132418104186712 0.134007235074204 0.7
2021-04-03 23190 327940 7428 3009 0.00159162663006177 0.0225078929306795 0.000509814687714482 0.000206520247083047 0.139222913157038 2021-04-03 0.132013014492871 0.132455910631298 3.5
2021-04-04 24320 329839 7440 3041 0.00166918325326012 0.0226382292381606 0.00051063829787234 0.000208716540837337 0.133823031406708 2021-04-04 0.132307577332533 0.131216855576201 6.9
2021-04-05 25487 331600 7450 2938 0.00174927934111187 0.0227590940288264 0.000511324639670556 0.000201647220315717 0.122711596000192 2021-04-05 0.122291884083548 0.132086844586704 9.8
2021-04-06 26568 333576 7458 3065 0.00182347288949897 0.0228947151681537 0.000511873713109128 0.000210363761153054 0.122823393246985 2021-04-06 0.122699257216832 0.131656856818313 10.2
2021-04-07 27359 335983 7475 3215 0.00187776252573782 0.0230599176389842 0.000513040494166095 0.000220658888126287 0.125266244894293 2021-04-07 0.12160445576994 0.131969393830423 11.8
2021-04-08 56118 677118 14988 3295 0.00385161290322581 0.0464734385724091 0.00102868908716541 0.000226149622512011 0.0607632092167506 2021-04-08 0.123386209816367 0.118269253636275 14.9
2021-04-09 29627 341200 7512 4227 0.0020334248455731 0.0234179821551132 0.000515579958819492 0.000290116678105697 0.154284412595854 2021-04-09 0.125247135880038 0.118584874561353 14.7
2021-04-10 30999 343622 7531 3813 0.00212759094028826 0.023584214138641 0.000516884008236102 0.000261702127659574 0.131559303028796 2021-04-10 0.123175040399788 0.117629584345658 15.2
2021-04-11 32817 346239 7552 4456 0.00225236787920384 0.023763829787234 0.000518325326012354 0.000305833905284832 0.146295309731698 2021-04-11 0.122442685071295 0.119136563313906 13.3
2021-04-12 34758 348684 7567 4401 0.00238558682223747 0.0239316403568977 0.000519354838709677 0.000302059025394647 0.135738078445889 2021-04-12 0.132651719971451 0.120866100240664 8.8
2021-04-13 35840 351257 7582 3670 0.00245984900480439 0.0241082361015786 0.000520384351407001 0.000251887439945093 0.108318724885234 2021-04-13 0.128988144260143 0.118715579424292 10.6
2021-04-14 36808 354417 7610 4156 0.00252628689087165 0.0243251201098147 0.000522306108442004 0.000285243651338367 0.120139757594841 2021-04-14 0.126440662044402 0.118009030937654 10.4
2021-04-15 38341 357591 7639 4736 0.00263150308853809 0.0245429649965683 0.000524296499656829 0.000325051475634866 0.132226453517846 2021-04-15 0.120989134270251 0.131872702948506 7
2021-04-16 39977 360742 7664 4812 0.00274378860672615 0.024759231297186 0.000526012354152368 0.000330267673301304 0.128639382616697 2021-04-16 0.117295936858518 0.128492153320333 8
2021-04-17 40694 364353 7698 4362 0.0027929993136582 0.0250070693205216 0.000528345916266301 0.000299382292381606 0.113726927518607 2021-04-17 0.113893598121448 0.1258460861139 8
2021-04-18 41588 367691 7716 4250 0.00285435827041867 0.025236170212766 0.000529581331503089 0.000291695264241592 0.108134615312641 2021-04-18 0.111534997846135 0.120527868342237 8.9
2021-04-19 42863 370844 7735 4447 0.00294186684969115 0.0254525737817433 0.000530885380919698 0.000305216197666438 0.109885696563763 2021-04-19 0.0990948758763454 0.116944237987398 10.6
2021-04-20 42941 374213 7757 3469 0.00294722031571723 0.0256838023335621 0.000532395332875772 0.000238091969800961 0.0845023537257383 2021-04-20 0.0886935839948261 0.112868789284212 3.1
2021-04-21 42917 378417 7789 4212 0.00294557309540151 0.0259723404255319 0.000534591626630062 0.000289087165408373 0.103629555667654 2021-04-21 0.0873404685717709 0.110510105339205 1.5
2021-04-22 83924 766028 15658 3682 0.00576005490734386 0.0525757035003432 0.00107467398764585 0.000252711050102951 0.0451455997293169 2021-04-22 0.0863391819955539 0.0947829336952491 2.6
2021-04-23 83470 775424 15726 4505 0.00572889498970487 0.0532205902539465 0.00107934111187371 0.000309196980096088 0.0558303394460627 2021-04-23 0.0836020041570254 0.0841286474823147 9.9
2021-04-24 41473 392044 7887 4094 0.00284646533973919 0.0269076183939602 0.000541317776252574 0.00028098833218943 0.10425511955722 2021-04-24 0.0837577963058911 0.0830900032800502 12.3
2021-04-25 41157 396283 7911 3947 0.00282477693891558 0.0271985586822237 0.000542964996568291 0.000270899107755662 0.101125609279122 2021-04-25 0.0823974778426833 0.0822983485802229 7.2
2021-04-26 40586 400340 7935 3510 0.00278558682223747 0.0274770075497598 0.000544612216884008 0.000240905971173644 0.090725451694064 2021-04-26 0.091155561614924 0.0800762429034614 4.2
2021-04-27 39914 404248 7964 3265 0.00273946465339739 0.0277452299245024 0.000546602608098833 0.000224090597117364 0.0855928987677985 2021-04-27 0.098612934087904 0.0802230648073768 8.5
2021-04-28 38853 408765 7988 3480 0.00266664378860673 0.0280552505147563 0.00054824982841455 0.000238846945778998 0.0941073264251989 2021-04-28 0.0972284214696029 0.079126001674057 12.5
2021-04-29 38438 413010 8029 3871 0.00263816060398078 0.0283466026080988 0.000551063829787234 0.000265682910089224 0.106452186135002 2021-04-29 0.0979266560177116 0.0894415054697156 9.5
2021-04-30 38061 417252 8051 3887 0.00261228551818806 0.0286377487989019 0.000552573781743308 0.000266781056966369 0.108031946756923 2021-04-30 0.0989288625029712 0.0982864530505847 7.3
2021-05-01 37437 421216 8080 3369 0.00256945778997941 0.0289098146877145 0.000554564172958133 0.000231228551818806 0.0945635312291126 2021-05-01 0.0981153370764299 0.096925996690288 7.4
2021-05-02 37200 425163 8102 3732 0.0025531914893617 0.0291807137954701 0.000556074124914207 0.000256142759094029 0.106013251115883 2021-05-02 0.0972515717482866 0.0975817729336044 13
2021-05-03 36997 428786 8118 3436 0.00253925875085793 0.0294293754289636 0.000557172271791352 0.00023582704186685 0.0977408970908808 2021-05-03 0.0970714045430538 0.0986256163647444 10.5
2021-05-04 36440 432109 8143 2791 0.00250102951269732 0.0296574468085106 0.000558888126286891 0.000191557995881949 0.0798982207820099 2021-05-04 0.0957917998657469 0.0976603355843757 9.4
2021-05-05 34976 436470 8187 2941 0.00240054907343857 0.0299567604667124 0.000561908030199039 0.000201853122855182 0.0880609691281958 2021-05-05 0.095330382618034 0.0967382475922067 9.6
2021-05-06 34376 440467 8214 3424 0.00235936856554564 0.0302310912834592 0.000563761153054221 0.000235003431708991 0.105191015698373 2021-05-06 0.0951538975209672 0.0965736834866925 8.7
2021-05-07 33645 444342 8236 3166 0.00230919698009609 0.0304970487302677 0.000565271105010295 0.000217295813315031 0.0990747140157742 2021-05-07 0.0938954258012631 0.095386933161965 7.6
2021-05-08 32888 447938 8261 2864 0.00225724090597117 0.030743857240906 0.000566986959505834 0.000196568291008922 0.0913336104951225 2021-05-08 0.0923417215714352 0.0949145373139448 9.4
2021-05-09 32404 451591 8308 3216 0.00222402196293754 0.0309945778997941 0.000570212765957447 0.000220727522306108 0.104777855436415 2021-05-09 0.0913004823386805 0.094755733879512 8.2
2021-05-10 31991 454701 8327 2716 0.00219567604667124 0.0312080301990391 0.000571516815374056 0.000186410432395333 0.0889315950529516 2021-05-10 0.0904652717215528 0.0934857605157629 9.4
2021-05-11 31151 457599 8342 2073 0.00213802333562114 0.031406932052162 0.00057254632807138 0.000142278654770076 0.0690222911732149 2021-05-11 0.0888954285152869 0.0915518695463581 8.1
2021-05-12 29962 461076 8374 2320 0.00205641729581331 0.0316455730954015 0.000574742621825669 0.000159231297185999 0.0807722944989131 2021-05-12 0.0827339535562915 0.0904288626520757 12.2
2021-05-13 29235 464531 8405 2759 0.00200652024708305 0.031882704186685 0.000576870281400137 0.00018936170212766 0.0993445413784783 2021-05-13 0.0800897259691702 0.0896931471957681 14.1
2021-05-14 28069 468033 8431 2362 0.00192649279341112 0.03212306108442 0.000578654770075498 0.000162113932738504 0.0880858115719126 2021-05-14 0.0799253538257159 0.0881993581806553 14.9
2021-05-15 55132 942192 16910 2584 0.00378393960192176 0.0646665751544269 0.00116060398078243 0.000177350720658888 0.0482032857821552 2021-05-15 0.079642289405654 0.0805035173293335 15.7
2021-05-16 26656 474175 8485 2199 0.00182951269732327 0.032544612216884 0.000582361015785861 0.000150926561427591 0.0862682623265657 2021-05-16 0.0781529914979885 0.0782987946611301 17.2
2021-05-17 25869 477128 8489 2170 0.00177549759780371 0.032747288949897 0.000582635552505148 0.000148936170212766 0.0877809900487714 2021-05-17 0.079712666965446 0.0781532661659134 17.4
2021-05-18 24966 479630 8506 1616 0.00171352093342485 0.0329190116678106 0.000583802333562114 0.000110912834591627 0.0670408402327814 2021-05-18 0.0798612583214785 0.0778287402371708 19.9
2021-05-19 23416 482749 8525 1588 0.00160713795470144 0.033133081674674 0.000585106382978723 0.000108991077556623 0.0703472091452546 2021-05-19 0.0854699816755728 0.0763073464106316 21.7
2021-05-20 23026 485512 8552 2400 0.00158037062457104 0.0333227179135209 0.000586959505833905 0.000164722031571723 0.110262269650681 2021-05-20 NA 0.0774524820192526 24.1
2021-05-21 22200 488201 8579 1890 0.00152367879203844 0.0335072752230611 0.000588812628689087 0.000129718599862732 0.0891259510641404 2021-05-21 NA 0.0775824796785509 24.5
2021-05-22 21454 490721 8599 1794 0.00147247769389156 0.0336802333562114 0.000590185312285518 0.000123129718599863 0.0874643492608152 2021-05-22 NA 0.0844750727347569 24.2
